0 0 20 45
2.0 4.5 20 44.02
4.0 8.902 20 43.04
6.0 13.206 20 42.06
8.0 17.412 20 41.08
10.0 21.52 20 40.1
12.0 25.53 20 39.12
14.0 29.442 20 38.14
16.0 33.256 20 37.16
18.0 36.972 20 36.18
20.0 40.59 20 35.2
22.0 44.11 20 34.22
24.0 47.532 20 33.24
26.0 50.856 20 32.26
28.0 54.082 20 31.28
30.0 57.21 20 30.3
32.0 60.24 20 29.32
34.0 63.172 20 28.34
36.0 66.006 20 27.36
38.0 68.742 20 26.38
40.0 71.38 20 25.4
42.0 73.92 20 24.42
44.0 76.362 20 23.44
46.0 78.706 20 22.46
48.0 80.952 20 21.48
50.0 83.1 20 20.5
52.0 85.15 20 19.52
54.0 87.102 20 18.54
56.0 88.956 20 17.56
58.0 90.712 20 16.58
60.0 92.37 20 15.6
62.0 93.93 20 14.62
64.0 95.392 20 13.64
66.0 96.756 20 12.66
68.0 98.022 20 11.68
70.0 99.19 20 10.7
72.0 100.26 20 9.72
74.0 101.232 20 8.74
0 0 20 45
2.0 4.5 20 44.02
4.0 8.902 20 43.04
6.0 13.206 20 42.06
8.0 17.412 20 41.08
10.0 21.52 20 40.1
12.0 25.53 20 39.12
14.0 29.442 20 38.14
16.0 33.256 20 37.16
18.0 36.972 20 36.18
20.0 40.59 20 35.2
22.0 44.11 20 34.22
24.0 47.532 20 33.24
26.0 50.856 20 32.26
28.0 54.082 20 31.28
30.0 57.21 20 30.3
32.0 60.24 20 29.32
34.0 63.172 20 28.34
36.0 66.006 20 27.36
38.0 68.742 20 26.38
40.0 71.38 20 25.4
42.0 73.92 20 24.42
44.0 76.362 20 23.44
46.0 78.706 20 22.46
48.0 80.952 20 21.48
50.0 83.1 20 20.5
52.0 85.15 20 19.52
54.0 87.102 20 18.54
56.0 88.956 20 17.56
58.0 90.712 20 16.58
60.0 92.37 20 15.6
62.0 93.93 20 14.62
64.0 95.392 20 13.64
66.0 96.756 20 12.66
68.0 98.022 20 11.68
70.0 99.19 20 10.7
72.0 100.26 20 9.72
74.0 101.232 20 8.74
76.0 102.106 20 7.76
78.0 102.882 20 6.78
80.0 103.56 20 5.8
82.0 104.14 20 4.82
84.0 104.622 20 3.84
86.0 105.006 20 2.86
88.0 105.292 20 1.88
90.0 105.48 20 0.9
92.0 105.57 20 -0.08
94.0 105.562 20 -1.06
96.0 105.456 20 -2.04
98.0 105.252 20 -3.02
100.0 104.95 20 -4.0
102.0 104.55 20 -4.98
104.0 104.052 20 -5.96
106.0 103.456 20 -6.94
108.0 102.762 20 -7.92
110.0 101.97 20 -8.9
112.0 101.08 20 -9.88
114.0 100.092 20 -10.86
116.0 99.006 20 -11.84
118.0 97.822 20 -12.82
120.0 96.54 20 -13.8
122.0 95.16 20 -14.78
124.0 93.682 20 -15.76
126.0 92.106 20 -16.74
128.0 90.432 20 -17.72
130.0 88.66 20 -18.7
132.0 86.79 20 -19.68
134.0 84.822 20 -20.66
136.0 82.756 20 -21.64
138.0 80.592 20 -22.62
140.0 78.33 20 -23.6
142.0 75.97 20 -24.58
144.0 73.512 20 -25.56
146.0 70.956 20 -26.54
148.0 68.302 20 -27.52
150.0 65.55 20 -28.5
152.0 62.7 20 -29.48
154.0 59.752 20 -30.46
156.0 56.706 20 -31.44
158.0 53.562 20 -32.42
160.0 50.32 20 -33.4
162.0 46.98 20 -34.38
164.0 43.542 20 -35.36
166.0 40.006 20 -36.34
168.0 36.372 20 -37.32
170.0 32.64 20 -38.3
172.0 28.81 20 -39.28
174.0 24.882 20 -40.26
176.0 20.856 20 -41.24
178.0 16.732 20 -42.22
180.0 12.51 20 -43.2
182.0 8.19 20 -44.18
184.0 3.772 20 -45.16
186.0 -0.744 20 -46.14