0 0 100 50
10.0 5.0 99.9888196601 49.0144098301
19.998881966 9.90144098301 99.9776852972 48.0289517775
29.9966504957 14.7043361608 99.9665961908 47.0436246073
39.9933101148 19.4086986215 99.9555516132 46.0584271015
49.9888652761 24.0145413316 99.9445508288 45.0733580601
59.983320359 28.5218771376 99.9335930945 44.0884163011
69.9766796685 32.9307187678 99.9226776599 43.1036006609
79.9689474345 37.2410788338 99.9118037667 42.1189099945
89.9601278111 41.4529698333 99.9009706495 41.1343431759
99.9502248761 45.5664041509 99.8901775352 40.1498990982
109.93924263 49.5813940607 99.8794236433 39.1655766745
119.927184994 53.4979517282 99.8687081862 38.1813748375
129.914055813 57.3160892119 99.8580303688 37.1972925403
139.899858849 61.0358184659 99.8473893887 36.2133287565
149.884597788 64.6571513416 99.8367844366 35.2294824805
159.868276232 68.1800995896 99.826214696 34.245752728
169.850897702 71.6046748624 99.8156793432 33.2621385362
179.832465636 74.930888716 99.8051775479 32.2786389641
189.812983391 78.1587526125 99.7947084729 31.2952530927
199.792454238 81.2882779217 99.7842712742 30.3119800256
209.770881365 84.3194759243 99.7738651013 29.3288188891
219.748267875 87.2523578132 99.7634890972 28.3457688324
229.724616785 90.0869346964 99.7531423986 27.3628290282
239.699931025 92.8232175993 99.7428241359 26.3799986727
249.674213439 95.4612174665 99.7325334337 25.397276986
259.647466782 98.0009451651 99.7222694102 24.4146632126
269.619693723 100.442411486 99.7120311784 23.4321566212
279.590896841 102.785627148 99.7018178453 22.4497565054
289.561078625 105.030602799 99.6916285126 21.4674621838
299.530241477 107.177349017 99.6814622769 20.4852730001
309.498387704 109.225876317 99.6713182296 19.5031883239
319.465519527 111.17619515 99.6611954572 18.5212075501
329.431639073 113.028315905 99.6510930417 17.5393300998
339.396748377 114.782248915 99.6410100604 16.5575554205
349.360849383 116.438004457 99.6309455866 15.5758829858
359.323943942 117.995592755 99.6208986895 14.5943122962
369.286033811 119.455023985 99.6108684345 13.6128428788
379.247120654 120.816308273 99.6008538832 12.6314742881
389.207206043 122.079455702 99.5908540943 11.6502061054
399.166291452 123.244476312 99.580868123 10.6690379397
409.124378264 124.311380106 99.5708950219 9.68796942725
419.081467767 125.280177049 99.5609338409 8.70700023222
429.037561151 126.150877072 99.5509836277 7.72613004644
438.992659513 126.923490077 99.5410434276 6.74535858969
448.946763856 127.598025936 99.5311122844 5.76468560978
458.899875085 128.174494497 99.5211892402 4.78411088266
468.851994009 128.652905585 99.5112733358 3.80363421245
478.803121342 129.033269006 99.5013636111 2.82325543157
488.753257703 129.315594549 99.4914591052 1.84297440074
498.702403614 129.49989199 99.4815588566 0.862791009073
508.6505595 129.58617109 99.4716619039 -0.11729482595
518.59772569 129.574441608 99.4617672855 -1.09728315843
528.543902418 129.464713292 99.4518740403 -2.07717401407
538.489089822 129.256995891 99.441981208 -3.05696739016
548.433287943 128.951299152 99.4320878289 -4.03666325567
558.376496726 128.547632826 99.4221929449 -5.01626155119
568.318716021 128.046006671 99.412295599 -5.99576218908
578.259945581 127.446430452 99.4023948362 -6.9751650535
588.200185064 126.748913947 99.3924897035 -7.95447000047
598.139434035 125.953466947 99.3825792502 -8.93367685801
608.07769196 125.060099261 99.3726625281 -9.91278542623
618.014958212 124.068820718 99.362738592 -10.8917954774
627.951232072 122.97964117 99.3528064997 -11.8707067562
637.886512722 121.792570495 99.3428653124 -12.8495189798
647.820799253 120.507618597 99.3329140949 -13.828231838
657.754090662 119.124795413 99.3229519158 -14.8068449933
667.686385854 117.644110914 99.3129778481 -15.7853580815
677.617683639 116.065575106 99.3029909689 -16.7637707112
687.547982736 114.389198034 99.2929903599 -17.7420824649
697.477281772 112.614989788 99.2829751079 -18.7202928982
707.405579282 110.742960498 99.2729443044 -19.6984015409
717.332873713 108.773120344 99.2628970465 -20.6764078968
727.259163417 106.705479554 99.2528324365 -21.6543114439
737.184446661 104.54004841 99.2427495826 -22.6321116351
747.108721619 102.276837246 99.232647599 -23.6098078978
757.031986379 99.9158564567 99.2225256056 -24.5873996348
766.95423894 97.4571164932 99.2123827289 -25.564886224
776.875477213 94.9006278708 99.2022181018 -26.5422670193
786.795699023 92.2464011688 99.1920308637 -27.5195413505
796.714902109 89.4944470338 99.1818201611 -28.4967085236
806.633084125 86.6447761814 99.1715851471 -29.4737678213
816.55024264 83.6973993993 99.161324982 -30.450718503
826.466375138 80.652327549 99.1510388336 -31.4275598057
836.381479022 77.5095715684 99.1407258767 -32.4042909437
846.295551609 74.2691424741 99.1303852938 -33.3809111091
856.208590139 70.9310513632 99.1200162752 -34.3574194724
866.120591766 67.4953094159 99.1096180186 -35.3338151826
876.031553568 63.9619278977 99.0991897298 -36.3100973675
885.941472541 60.3309181609 99.0887306225 -37.2862651343
895.850345603 56.6022916475 99.0782399183 -38.2623175696
905.758169595 52.7760598905 99.0677168471 -39.2382537399
915.66494128 48.8522345165 99.057160647 -40.2140726922
925.570657344 44.8308272473 99.0465705643 -41.1897734537
935.475314401 40.7118499019 99.0359458536 -42.1653550329
945.378908986 36.4953143986 99.025285778 -43.1408164195
955.281437564 32.1812327567 99.0145896089 -44.1161565847
965.182896525 27.7696170982 99.0038566264 -45.091374482
975.083282188 23.26047965 98.993086119 -46.066469047
984.9825908 18.6538327453 98.9822773837 -47.0414391981
994.880818538 13.9496888255 98.9714297262 -48.0162838366
1004.77796151 9.14806044184 98.9605424607 -48.9910018473
1014.67401576 4.2489602571 98.9496149101 -49.9655920988
1024.56897725 -0.747598952775 98.9386464059 -50.9400534435