0.1 90.0 10.0
0.2 82.0 18.0
0.3 75.6 24.4
0.4 70.48 29.52
0.5 66.384 33.616
0.6 63.1072 36.8928
0.7 60.48576 39.51424
0.8 58.388608 41.611392
0.9 56.7108864 43.2891136
1.0 55.36870912 44.63129088
1.1 54.294967296 45.705032704
1.2 53.4359738368 46.5640261632
1.3 52.7487790694 47.2512209306
1.4 52.1990232556 47.8009767444
1.5 51.7592186044 48.2407813956
1.6 51.4073748836 48.5926251164
1.7 51.1258999068 48.8741000932
1.8 50.9007199255 49.0992800745
1.9 50.7205759404 49.2794240596
2.0 50.5764607523 49.4235392477
2.1 50.4611686018 49.5388313982
2.2 50.3689348815 49.6310651185
2.3 50.2951479052 49.7048520948
2.4 50.2361183241 49.7638816759
2.5 50.1888946593 49.8111053407
2.6 50.1511157275 49.8488842725
2.7 50.120892582 49.879107418
2.8 50.0967140656 49.9032859344
2.9 50.0773712525 49.9226287475
3.0 50.061897002 49.938102998
3.1 50.0495176016 49.9504823984
3.2 50.0396140813 49.9603859187
3.3 50.031691265 49.968308735
3.4 50.025353012 49.974646988
3.5 50.0202824096 49.9797175904
3.6 50.0162259277 49.9837740723
3.7 50.0129807421 49.9870192579
3.8 50.0103845937 49.9896154063
3.9 50.008307675 49.991692325
4.0 50.00664614 49.99335386