1 1100.0
2 12100.0
3 133100.0
4 1464100.0
5 16105100.0
6 177156100.0
7 1948717100.0
8 21435888100.0
9 2.357947691e+11
10 2.5937424601e+12
11 2.85311670611e+13
12 3.13842837672e+14
13 3.45227121439e+15
14 3.79749833583e+16
15 4.17724816942e+17
16 4.59497298636e+18
17 5.05447028499e+19
18 5.55991731349e+20
19 6.11590904484e+21
20 6.72749994933e+22
21 7.40024994426e+23
22 8.14027493868e+24
23 8.95430243255e+25
24 9.84973267581e+26
25 1.08347059434e+28
26 1.19181765377e+29
27 1.31099941915e+30
28 1.44209936106e+31
29 1.58630929717e+32
30 1.74494022689e+33
31 1.91943424958e+34
32 2.11137767454e+35
33 2.32251544199e+36
34 2.55476698619e+37
35 2.81024368481e+38
36 3.09126805329e+39
37 3.40039485862e+40
38 3.74043434448e+41
39 4.11447777893e+42
40 4.52592555682e+43
41 4.9785181125e+44
42 5.47636992375e+45
43 6.02400691612e+46
44 6.62640760774e+47
45 7.28904836851e+48
46 8.01795320536e+49
47 8.8197485259e+50
48 9.70172337849e+51
49 1.06718957163e+53
50 1.1739085288e+54
51 1.29129938168e+55
52 1.42042931984e+56
53 1.56247225183e+57
54 1.71871947701e+58
55 1.89059142471e+59
56 2.07965056718e+60
57 2.2876156239e+61
58 2.51637718629e+62
59 2.76801490492e+63
60 3.04481639541e+64
61 3.34929803496e+65
62 3.68422783845e+66
63 4.0526506223e+67
64 4.45791568453e+68
65 4.90370725298e+69
66 5.39407797828e+70
67 5.9334857761e+71
68 6.52683435371e+72
69 7.17951778909e+73
70 7.89746956799e+74
71 8.68721652479e+75
72 9.55593817727e+76
73 1.0511531995e+78
74 1.15626851945e+79
75 1.2718953714e+80
76 1.39908490853e+81
77 1.53899339939e+82
78 1.69289273933e+83
79 1.86218201326e+84
80 2.04840021459e+85
81 2.25324023604e+86
82 2.47856425965e+87
83 2.72642068561e+88
84 2.99906275417e+89
85 3.29896902959e+90
86 3.62886593255e+91
87 3.99175252581e+92
88 4.39092777839e+93
89 4.83002055623e+94
90 5.31302261185e+95
91 5.84432487303e+96
92 6.42875736034e+97
93 7.07163309637e+98
94 7.77879640601e+99
95 8.55667604661e+100
96 9.41234365127e+101
97 1.03535780164e+103
98 1.1388935818e+104
99 1.25278293998e+105
100 1.37806123398e+106
