0.01 109.0
0.02 118.7119
0.03 129.17383848
0.04 140.422634273
0.05 152.493046079
0.06 165.416937776
0.07 179.222355224
0.08 193.932525485
0.09 209.564795589
0.1 226.129534793
0.11 243.629031622
0.12 262.056424279
0.13 281.394709756
0.14 301.615882464
0.15 322.680256655
0.16 344.536027517
0.17 367.119122843
0.18 390.353390092
0.19 414.151152185
0.2 438.414149718
0.21 463.034868023
0.22 487.898225925
0.23 512.883580631
0.24 537.866981966
0.25 562.723591134
0.26 587.330166245
0.27 611.567510452
0.28 635.322779513
0.29 658.491554047
0.3 680.979596777
0.31 702.704235332
0.32 723.59533463
0.33 743.595847263
0.34 762.661953583
0.35 780.762823397
0.36 797.880047096
0.37 814.006794851
0.38 829.146768129
0.39 843.313008632
0.4 856.526626443
0.41 868.815502906
0.42 880.213015388
0.43 890.756821681
0.44 900.487732312
0.45 909.448689939
0.46 917.683866969
0.47 925.237885697
0.48 932.155159754
0.49 938.479351543
0.5 944.25293737
0.51 949.516870134
0.52 954.310328481
0.53 958.670541024
0.54 962.632674504
0.55 966.229775352
0.56 969.49275501
0.57 972.450410309
0.58 975.129471289
0.59 977.55466984
0.6 979.748823571
0.61 981.7329302
0.62 983.526268596
0.63 985.146503354
0.64 986.609790382
0.65 987.930881572
0.66 989.123227053
0.67 990.199073929
0.68 991.169560721
0.69 992.044806983
0.7 992.833997775
0.71 993.545462839
0.72 994.18675045
0.73 994.764696018
0.74 995.285485575
0.75 995.754714353
0.76 996.177440673
0.77 996.55823541
0.78 996.901227294
0.79 997.210144326
0.8 997.488351564
0.81 997.738885569
0.82 997.964485749
0.83 998.167622842
0.84 998.350524797
0.85 998.515200241
0.86 998.663459753
0.87 998.796935144
0.88 998.917096893
0.89 999.025269936
0.9 999.122647933
0.91 999.210306165
0.92 999.289213187
0.93 999.360241346
0.94 999.424176282
0.95 999.481725497
0.96 999.533526086
0.97 999.580151718
0.98 999.622118919
0.99 999.659892748
1.0 999.693891905